-1	0	0	40.000000
-1	0	12	32.000000
-1	0	13	1.000000
0	1	-1	-1.000000
-1	0	2	289.000000
-1	0	0	291.000000
-1	0	3	18150.000000
-1	0	1	96.000000
1	1	-1	-1.000000
1	1	-1	-1.000000
1	1	-1	-1.000000
0	1	-1	-1.000000
-1	0	12	34.000000
-1	0	3	8610.000000
1	1	-1	-1.000000
-1	0	3	8602.000000
0	1	-1	-1.000000
-1	0	3	6903.000000
1	1	-1	-1.000000
1	1	-1	-1.000000
-1	0	1	34.000000
0	1	-1	-1.000000
-1	0	0	176.000000
1	1	-1	-1.000000
1	1	-1	-1.000000
-1	0	2	23.000000
-1	0	12	8.000000
-1	0	7	423.000000
-1	0	2	100.000000
-1	0	9	20.000000
-1	0	0	118.000000
-1	0	12	28.000000
-1	0	0	193.000000
1	1	-1	-1.000000
-1	0	0	172.000000
0	1	-1	-1.000000
-1	0	3	4805.000000
1	1	-1	-1.000000
0	1	-1	-1.000000
-1	0	7	2828.000000
-1	0	1	21.000000
0	1	-1	-1.000000
0	1	-1	-1.000000
0	1	-1	-1.000000
-1	0	3	2691.000000
1	1	-1	-1.000000
0	1	-1	-1.000000
-1	0	2	102.000000
0	1	-1	-1.000000
-1	0	1	16.000000
1	1	-1	-1.000000
0	1	-1	-1.000000
-1	0	12	10.000000
-1	0	7	539.000000
-1	0	12	18.000000
-1	0	2	99.000000
0	1	-1	-1.000000
-1	0	0	95.000000
1	1	-1	-1.000000
-1	0	0	94.000000
0	1	-1	-1.000000
-1	0	0	88.000000
1	1	-1	-1.000000
1	1	-1	-1.000000
-1	0	8	799.000000
-1	0	9	13.000000
-1	0	0	76.000000
-1	0	3	1683.000000
1	1	-1	-1.000000
-1	0	3	1343.000000
-1	0	3	1376.000000
-1	0	4	1425.000000
0	1	-1	-1.000000
0	1	-1	-1.000000
1	1	-1	-1.000000
-1	0	3	1170.000000
-1	0	0	88.000000
-1	0	1	14.000000
0	1	-1	-1.000000
0	1	-1	-1.000000
0	1	-1	-1.000000
-1	0	3	1120.000000
1	1	-1	-1.000000
-1	0	3	1053.000000
0	1	-1	-1.000000
0	1	-1	-1.000000
-1	0	0	72.000000
-1	0	3	1125.000000
1	1	-1	-1.000000
0	1	-1	-1.000000
1	1	-1	-1.000000
-1	0	3	429.000000
-1	0	3	1128.000000
0	1	-1	-1.000000
-1	0	0	44.000000
-1	0	3	880.000000
-1	0	0	81.000000
0	1	-1	-1.000000
0	1	-1	-1.000000
0	1	-1	-1.000000
-1	0	13	158.000000
1	1	-1	-1.000000
-1	0	3	445.000000
0	1	-1	-1.000000
0	1	-1	-1.000000
1	1	-1	-1.000000
-1	0	9	12.000000
-1	0	0	58.000000
-1	0	2	61.000000
1	1	-1	-1.000000
0	1	-1	-1.000000
1	1	-1	-1.000000
-1	0	1	11.000000
-1	0	3	634.000000
-1	0	7	714.000000
-1	0	0	66.000000
0	1	-1	-1.000000
0	1	-1	-1.000000
-1	0	0	64.000000
1	1	-1	-1.000000
-1	0	0	62.000000
0	1	-1	-1.000000
0	1	-1	-1.000000
1	1	-1	-1.000000
-1	0	0	71.000000
0	1	-1	-1.000000
-1	0	0	62.000000
-1	0	0	67.000000
0	1	-1	-1.000000
-1	0	0	64.000000
1	1	-1	-1.000000
0	1	-1	-1.000000
-1	0	0	58.000000
-1	0	0	60.000000
0	1	-1	-1.000000
0	1	-1	-1.000000
0	1	-1	-1.000000
-1	0	13	3.000000
0	1	-1	-1.000000
-1	0	3	440.000000
-1	0	0	46.000000
-1	0	3	506.000000
1	1	-1	-1.000000
-1	0	5	1.000000
-1	0	0	50.000000
1	1	-1	-1.000000
1	1	-1	-1.000000
1	1	-1	-1.000000
1	1	-1	-1.000000
1	1	-1	-1.000000
-1	0	10	6.000000
-1	0	7	479.000000
-1	0	0	41.000000
-1	0	7	593.000000
-1	0	3	371.000000
0	1	-1	-1.000000
-1	0	0	46.000000
1	1	-1	-1.000000
0	1	-1	-1.000000
-1	0	3	576.000000
1	1	-1	-1.000000
-1	0	3	567.000000
0	1	-1	-1.000000
0	1	-1	-1.000000
0	1	-1	-1.000000
-1	0	0	51.000000
-1	0	3	477.000000
0	1	-1	-1.000000
-1	0	3	456.000000
-1	0	3	459.000000
-1	0	0	58.000000
0	1	-1	-1.000000
0	1	-1	-1.000000
1	1	-1	-1.000000
-1	0	0	55.000000
0	1	-1	-1.000000
-1	0	0	54.000000
0	1	-1	-1.000000
0	1	-1	-1.000000
1	1	-1	-1.000000
1	1	-1	-1.000000
-1	0	0	47.000000
-1	0	1	9.000000
1	1	-1	-1.000000
-1	0	0	50.000000
-1	0	0	51.000000
0	1	-1	-1.000000
0	1	-1	-1.000000
-1	0	0	49.000000
0	1	-1	-1.000000
-1	0	0	48.000000
0	1	-1	-1.000000
0	1	-1	-1.000000
-1	0	0	46.000000
1	1	-1	-1.000000
-1	0	3	420.000000
0	1	-1	-1.000000
-1	0	3	378.000000
-1	0	3	396.000000
1	1	-1	-1.000000
1	1	-1	-1.000000
-1	0	0	45.000000
1	1	-1	-1.000000
-1	0	3	328.000000
1	1	-1	-1.000000
1	1	-1	-1.000000
-1	0	0	43.000000
-1	0	0	55.000000
-1	0	0	481.000000
0	1	-1	-1.000000
-1	0	12	7.000000
-1	0	3	406.000000
-1	0	7	489.000000
0	1	-1	-1.000000
-1	0	0	69.000000
1	1	-1	-1.000000
0	1	-1	-1.000000
0	1	-1	-1.000000
-1	0	0	77.000000
0	1	-1	-1.000000
-1	0	11	76.000000
-1	0	1	4.000000
0	1	-1	-1.000000
0	1	-1	-1.000000
-1	0	7	127.000000
0	1	-1	-1.000000
-1	0	3	126.000000
0	1	-1	-1.000000
0	1	-1	-1.000000
-1	0	3	235.000000
-1	0	10	47.000000
-1	0	0	48.000000
-1	0	11	54.000000
-1	0	1	6.000000
0	1	-1	-1.000000
0	1	-1	-1.000000
-1	0	3	364.000000
0	1	-1	-1.000000
-1	0	0	50.000000
-1	0	1	6.000000
-1	0	3	306.000000
-1	0	3	318.000000
-1	0	0	53.000000
0	1	-1	-1.000000
-1	0	0	51.000000
0	1	-1	-1.000000
0	1	-1	-1.000000
0	1	-1	-1.000000
0	1	-1	-1.000000
-1	0	0	53.000000
0	1	-1	-1.000000
-1	0	0	51.000000
-1	0	0	52.000000
0	1	-1	-1.000000
0	1	-1	-1.000000
0	1	-1	-1.000000
-1	0	1	6.000000
-1	0	0	49.000000
0	1	-1	-1.000000
-1	0	1	7.000000
0	1	-1	-1.000000
0	1	-1	-1.000000
0	1	-1	-1.000000
-1	0	1	6.000000
-1	0	1	7.000000
0	1	-1	-1.000000
0	1	-1	-1.000000
0	1	-1	-1.000000
-1	0	0	44.000000
0	1	-1	-1.000000
-1	0	1	33.000000
0	1	-1	-1.000000
-1	0	1	7.000000
0	1	-1	-1.000000
0	1	-1	-1.000000
-1	0	0	47.000000
0	1	-1	-1.000000
-1	0	3	135.000000
-1	0	3	138.000000
-1	0	3	184.000000
-1	0	1	5.000000
-1	0	7	224.000000
0	1	-1	-1.000000
-1	0	0	44.000000
0	1	-1	-1.000000
0	1	-1	-1.000000
0	1	-1	-1.000000
0	1	-1	-1.000000
0	1	-1	-1.000000
0	1	-1	-1.000000
-1	0	3	252.000000
-1	0	1	30.000000
-1	0	7	2172.000000
0	1	-1	-1.000000
-1	0	1	44.000000
0	1	-1	-1.000000
0	1	-1	-1.000000
-1	0	0	41.000000
-1	0	3	294.000000
1	1	-1	-1.000000
-1	0	0	42.000000
1	1	-1	-1.000000
1	1	-1	-1.000000
1	1	-1	-1.000000
-1	0	3	205.000000
-1	0	0	41.000000
-1	0	1	6.000000
0	1	-1	-1.000000
-1	0	0	42.000000
0	1	-1	-1.000000
0	1	-1	-1.000000
0	1	-1	-1.000000
-1	0	9	4.000000
-1	0	3	164.000000
0	1	-1	-1.000000
0	1	-1	-1.000000
0	1	-1	-1.000000
-1	0	2	8.000000
-1	0	1	4.000000
1	1	-1	-1.000000
0	1	-1	-1.000000
1	1	-1	-1.000000
-1	0	0	32.000000
-1	0	9	6.000000
-1	0	8	2017.000000
-1	0	9	9.000000
-1	0	13	86.000000
-1	0	3	477.000000
0	1	-1	-1.000000
-1	0	14	15.000000
0	1	-1	-1.000000
-1	0	13	95.000000
1	1	-1	-1.000000
1	1	-1	-1.000000
-1	0	14	2.000000
-1	0	7	2035.000000
-1	0	14	7.000000
0	1	-1	-1.000000
-1	0	1	60.000000
-1	0	8	2097.000000
0	1	-1	-1.000000
0	1	-1	-1.000000
1	1	-1	-1.000000
0	1	-1	-1.000000
1	1	-1	-1.000000
1	1	-1	-1.000000
-1	0	8	1250.000000
-1	0	13	60.000000
-1	0	0	36.000000
-1	0	10	6.000000
-1	0	13	101.000000
-1	0	7	1710.000000
-1	0	8	1937.000000
1	1	-1	-1.000000
1	1	-1	-1.000000
0	1	-1	-1.000000
-1	0	14	7.000000
0	1	-1	-1.000000
0	1	-1	-1.000000
1	1	-1	-1.000000
-1	0	3	360.000000
-1	0	13	77.000000
-1	0	3	453.000000
1	1	-1	-1.000000
-1	0	14	2.000000
-1	0	8	1980.000000
0	1	-1	-1.000000
-1	0	3	383.000000
1	1	-1	-1.000000
1	1	-1	-1.000000
0	1	-1	-1.000000
-1	0	1	56.000000
-1	0	0	34.000000
0	1	-1	-1.000000
-1	0	8	1819.000000
-1	0	7	1911.000000
-1	0	7	1913.000000
-1	0	3	400.000000
0	1	-1	-1.000000
1	1	-1	-1.000000
0	1	-1	-1.000000
1	1	-1	-1.000000
0	1	-1	-1.000000
0	1	-1	-1.000000
-1	0	7	1253.000000
-1	0	3	246.000000
-1	0	13	74.000000
1	1	-1	-1.000000
-1	0	0	35.000000
0	1	-1	-1.000000
-1	0	13	73.000000
1	1	-1	-1.000000
1	1	-1	-1.000000
1	1	-1	-1.000000
0	1	-1	-1.000000
-1	0	3	250.000000
-1	0	14	21.000000
1	1	-1	-1.000000
-1	0	1	60.000000
0	1	-1	-1.000000
-1	0	0	35.000000
0	1	-1	-1.000000
-1	0	3	269.000000
-1	0	13	55.000000
-1	0	0	34.000000
1	1	-1	-1.000000
0	1	-1	-1.000000
-1	0	1	49.000000
0	1	-1	-1.000000
0	1	-1	-1.000000
1	1	-1	-1.000000
1	1	-1	-1.000000
-1	0	9	7.000000
-1	0	13	140.000000
0	1	-1	-1.000000
-1	0	7	305.000000
1	1	-1	-1.000000
-1	0	0	38.000000
-1	0	1	8.000000
1	1	-1	-1.000000
-1	0	0	39.000000
1	1	-1	-1.000000
1	1	-1	-1.000000
-1	0	0	33.000000
-1	0	3	288.000000
-1	0	0	36.000000
1	1	-1	-1.000000
1	1	-1	-1.000000
-1	0	3	238.000000
-1	0	0	37.000000
1	1	-1	-1.000000
1	1	-1	-1.000000
1	1	-1	-1.000000
-1	0	3	256.000000
1	1	-1	-1.000000
1	1	-1	-1.000000
-1	0	0	37.000000
-1	0	10	8.000000
-1	0	1	30.000000
0	1	-1	-1.000000
-1	0	0	38.000000
-1	0	0	39.000000
0	1	-1	-1.000000
0	1	-1	-1.000000
0	1	-1	-1.000000
1	1	-1	-1.000000
-1	0	7	209.000000
-1	0	3	202.000000
-1	0	1	28.000000
1	1	-1	-1.000000
-1	0	0	35.000000
-1	0	0	36.000000
1	1	-1	-1.000000
1	1	-1	-1.000000
0	1	-1	-1.000000
0	1	-1	-1.000000
1	1	-1	-1.000000
-1	0	10	5.000000
-1	0	2	34.000000
-1	0	2	36.000000
-1	0	7	113.000000
0	1	-1	-1.000000
-1	0	3	111.000000
0	1	-1	-1.000000
0	1	-1	-1.000000
-1	0	3	182.000000
1	1	-1	-1.000000
-1	0	3	170.000000
-1	0	0	35.000000
0	1	-1	-1.000000
0	1	-1	-1.000000
-1	0	0	35.000000
0	1	-1	-1.000000
-1	0	3	136.000000
-1	0	1	28.000000
0	1	-1	-1.000000
0	1	-1	-1.000000
-1	0	1	2.000000
0	1	-1	-1.000000
-1	0	3	34.000000
0	1	-1	-1.000000
0	1	-1	-1.000000
-1	0	3	147.000000
-1	0	13	64.000000
1	1	-1	-1.000000
-1	0	13	53.000000
0	1	-1	-1.000000
-1	0	14	8.000000
0	1	-1	-1.000000
-1	0	1	28.000000
1	1	-1	-1.000000
-1	0	0	33.000000
1	1	-1	-1.000000
1	1	-1	-1.000000
-1	0	3	99.000000
-1	0	0	33.000000
-1	0	1	4.000000
0	1	-1	-1.000000
0	1	-1	-1.000000
0	1	-1	-1.000000
0	1	-1	-1.000000
-1	0	2	37.000000
0	1	-1	-1.000000
-1	0	3	76.000000
1	1	-1	-1.000000
0	1	-1	-1.000000
-1	0	1	5.000000
-1	0	9	2.000000
-1	0	0	26.000000
-1	0	3	85.000000
-1	0	13	39.000000
-1	0	7	1857.000000
1	1	-1	-1.000000
-1	0	0	29.000000
-1	0	13	70.000000
1	1	-1	-1.000000
-1	0	3	336.000000
-1	0	1	49.000000
-1	0	10	6.000000
-1	0	14	31.000000
1	1	-1	-1.000000
-1	0	14	13.000000
1	1	-1	-1.000000
-1	0	14	12.000000
0	1	-1	-1.000000
-1	0	13	65.000000
1	1	-1	-1.000000
1	1	-1	-1.000000
-1	0	14	7.000000
1	1	-1	-1.000000
1	1	-1	-1.000000
0	1	-1	-1.000000
-1	0	14	23.000000
1	1	-1	-1.000000
-1	0	14	6.000000
-1	0	3	249.000000
1	1	-1	-1.000000
1	1	-1	-1.000000
-1	0	14	4.000000
-1	0	1	33.000000
-1	0	1	43.000000
-1	0	7	1317.000000
-1	0	13	58.000000
1	1	-1	-1.000000
1	1	-1	-1.000000
0	1	-1	-1.000000
1	1	-1	-1.000000
0	1	-1	-1.000000
1	1	-1	-1.000000
-1	0	14	23.000000
-1	0	7	1455.000000
1	1	-1	-1.000000
1	1	-1	-1.000000
-1	0	3	251.000000
-1	0	14	7.000000
1	1	-1	-1.000000
-1	0	14	6.000000
-1	0	0	28.000000
1	1	-1	-1.000000
1	1	-1	-1.000000
1	1	-1	-1.000000
-1	0	3	249.000000
1	1	-1	-1.000000
-1	0	3	242.000000
-1	0	3	243.000000
1	1	-1	-1.000000
1	1	-1	-1.000000
1	1	-1	-1.000000
-1	0	14	11.000000
0	1	-1	-1.000000
-1	0	9	4.000000
-1	0	8	1255.000000
-1	0	1	52.000000
1	1	-1	-1.000000
0	1	-1	-1.000000
-1	0	0	31.000000
-1	0	3	155.000000
-1	0	1	7.000000
-1	0	1	8.000000
-1	0	1	11.000000
1	1	-1	-1.000000
1	1	-1	-1.000000
1	1	-1	-1.000000
-1	0	1	6.000000
1	1	-1	-1.000000
1	1	-1	-1.000000
0	1	-1	-1.000000
-1	0	3	153.000000
-1	0	7	173.000000
-1	0	0	28.000000
1	1	-1	-1.000000
-1	0	1	9.000000
1	1	-1	-1.000000
1	1	-1	-1.000000
-1	0	0	28.000000
1	1	-1	-1.000000
1	1	-1	-1.000000
-1	0	13	38.000000
0	1	-1	-1.000000
-1	0	3	150.000000
1	1	-1	-1.000000
-1	0	7	139.000000
1	1	-1	-1.000000
-1	0	0	27.000000
1	1	-1	-1.000000
1	1	-1	-1.000000
0	1	-1	-1.000000
0	1	-1	-1.000000
-1	0	11	8.000000
-1	0	5	1.000000
1	1	-1	-1.000000
0	1	-1	-1.000000
-1	0	11	6.000000
-1	0	1	7.000000
-1	0	4	197.000000
1	1	-1	-1.000000
-1	0	8	722.000000
1	1	-1	-1.000000
-1	0	13	20.000000
1	1	-1	-1.000000
1	1	-1	-1.000000
0	1	-1	-1.000000
-1	0	4	16.000000
-1	0	13	40.000000
-1	0	1	17.000000
1	1	-1	-1.000000
0	1	-1	-1.000000
1	1	-1	-1.000000
-1	0	7	34.000000
-1	0	1	8.000000
1	1	-1	-1.000000
1	1	-1	-1.000000
1	1	-1	-1.000000
0	1	-1	-1.000000
-1	0	0	17.000000
-1	0	12	4.000000
-1	0	2	29.000000
-1	0	2	30.000000
-1	0	0	31.000000
0	1	-1	-1.000000
0	1	-1	-1.000000
0	1	-1	-1.000000
-1	0	2	27.000000
1	1	-1	-1.000000
1	1	-1	-1.000000
-1	0	0	22.000000
0	1	-1	-1.000000
0	1	-1	-1.000000
-1	0	7	4.000000
-1	0	11	9.000000
-1	0	2	41.000000
0	1	-1	-1.000000
1	1	-1	-1.000000
1	1	-1	-1.000000
-1	0	0	2.000000
-1	0	2	92.000000
0	1	-1	-1.000000
-1	0	3	3.000000
-1	0	2	41.000000
0	1	-1	-1.000000
-1	0	1	2.000000
0	1	-1	-1.000000
-1	0	0	4.000000
1	1	-1	-1.000000
1	1	-1	-1.000000
-1	0	8	1.000000
1	1	-1	-1.000000
1	1	-1	-1.000000
1	1	-1	-1.000000
