-1	0	11	6.750000
-1	0	2	34.000000
-1	0	9	6.000000
-1	0	0	43.000000
-1	0	12	32.000000
-1	0	13	1.000000
0	1	-1	-1.000000
-1	0	2	289.000000
-1	0	0	291.000000
-1	0	3	18150.000000
-1	0	1	96.000000
1	1	-1	-1.000000
1	1	-1	-1.000000
1	1	-1	-1.000000
0	1	-1	-1.000000
-1	0	2	190.000000
1	1	-1	-1.000000
-1	0	2	157.000000
-1	0	3	5807.000000
1	1	-1	-1.000000
0	1	-1	-1.000000
1	1	-1	-1.000000
-1	0	9	9.000000
-1	0	7	530.000000
-1	0	2	100.000000
-1	0	9	20.000000
-1	0	0	118.000000
-1	0	12	28.000000
-1	0	0	193.000000
1	1	-1	-1.000000
-1	0	0	172.000000
0	1	-1	-1.000000
-1	0	3	4805.000000
1	1	-1	-1.000000
0	1	-1	-1.000000
-1	0	7	2828.000000
-1	0	1	21.000000
0	1	-1	-1.000000
0	1	-1	-1.000000
0	1	-1	-1.000000
-1	0	3	2691.000000
1	1	-1	-1.000000
0	1	-1	-1.000000
-1	0	0	102.000000
0	1	-1	-1.000000
-1	0	1	16.000000
1	1	-1	-1.000000
0	1	-1	-1.000000
-1	0	9	13.000000
-1	0	2	74.000000
-1	0	12	18.000000
-1	0	0	99.000000
0	1	-1	-1.000000
-1	0	0	95.000000
1	1	-1	-1.000000
-1	0	0	94.000000
0	1	-1	-1.000000
-1	0	3	1596.000000
1	1	-1	-1.000000
1	1	-1	-1.000000
-1	0	0	76.000000
-1	0	3	1683.000000
1	1	-1	-1.000000
-1	0	3	1343.000000
-1	0	3	1376.000000
-1	0	4	1425.000000
0	1	-1	-1.000000
0	1	-1	-1.000000
1	1	-1	-1.000000
-1	0	3	1170.000000
-1	0	0	88.000000
-1	0	1	14.000000
0	1	-1	-1.000000
0	1	-1	-1.000000
0	1	-1	-1.000000
-1	0	3	1120.000000
1	1	-1	-1.000000
-1	0	3	1053.000000
0	1	-1	-1.000000
0	1	-1	-1.000000
1	1	-1	-1.000000
-1	0	2	72.000000
1	1	-1	-1.000000
-1	0	3	784.000000
1	1	-1	-1.000000
1	1	-1	-1.000000
-1	0	7	782.000000
-1	0	4	1128.000000
0	1	-1	-1.000000
-1	0	0	44.000000
-1	0	4	880.000000
-1	0	0	81.000000
0	1	-1	-1.000000
0	1	-1	-1.000000
0	1	-1	-1.000000
0	1	-1	-1.000000
-1	0	1	11.000000
-1	0	4	656.000000
-1	0	3	744.000000
1	1	-1	-1.000000
-1	0	7	714.000000
0	1	-1	-1.000000
-1	0	0	64.000000
1	1	-1	-1.000000
-1	0	0	62.000000
0	1	-1	-1.000000
0	1	-1	-1.000000
-1	0	0	53.000000
1	1	-1	-1.000000
1	1	-1	-1.000000
-1	0	0	67.000000
-1	0	0	71.000000
0	1	-1	-1.000000
-1	0	3	700.000000
0	1	-1	-1.000000
0	1	-1	-1.000000
-1	0	0	62.000000
-1	0	0	65.000000
0	1	-1	-1.000000
-1	0	0	64.000000
1	1	-1	-1.000000
-1	0	3	567.000000
-1	0	3	630.000000
1	1	-1	-1.000000
0	1	-1	-1.000000
0	1	-1	-1.000000
-1	0	3	550.000000
-1	0	0	58.000000
-1	0	0	60.000000
0	1	-1	-1.000000
0	1	-1	-1.000000
1	1	-1	-1.000000
0	1	-1	-1.000000
-1	0	0	51.000000
-1	0	1	10.000000
1	1	-1	-1.000000
-1	0	0	54.000000
0	1	-1	-1.000000
-1	0	0	52.000000
0	1	-1	-1.000000
0	1	-1	-1.000000
-1	0	13	3.000000
0	1	-1	-1.000000
-1	0	0	44.000000
-1	0	0	46.000000
-1	0	1	11.000000
1	1	-1	-1.000000
-1	0	9	10.000000
-1	0	0	50.000000
1	1	-1	-1.000000
1	1	-1	-1.000000
-1	0	3	432.000000
1	1	-1	-1.000000
1	1	-1	-1.000000
1	1	-1	-1.000000
1	1	-1	-1.000000
-1	0	7	384.000000
-1	0	7	485.000000
0	1	-1	-1.000000
-1	0	3	483.000000
1	1	-1	-1.000000
-1	0	0	58.000000
0	1	-1	-1.000000
-1	0	3	456.000000
1	1	-1	-1.000000
-1	0	7	423.000000
-1	0	7	439.000000
0	1	-1	-1.000000
-1	0	0	54.000000
0	1	-1	-1.000000
0	1	-1	-1.000000
-1	0	3	399.000000
-1	0	0	51.000000
-1	0	3	416.000000
0	1	-1	-1.000000
0	1	-1	-1.000000
0	1	-1	-1.000000
0	1	-1	-1.000000
-1	0	1	8.000000
-1	0	0	46.000000
-1	0	0	47.000000
-1	0	0	48.000000
0	1	-1	-1.000000
0	1	-1	-1.000000
0	1	-1	-1.000000
-1	0	0	45.000000
1	1	-1	-1.000000
1	1	-1	-1.000000
-1	0	0	55.000000
0	1	-1	-1.000000
-1	0	0	47.000000
-1	0	3	343.000000
-1	0	0	54.000000
0	1	-1	-1.000000
-1	0	0	52.000000
0	1	-1	-1.000000
-1	0	0	50.000000
-1	0	0	51.000000
0	1	-1	-1.000000
0	1	-1	-1.000000
0	1	-1	-1.000000
-1	0	3	300.000000
-1	0	3	306.000000
-1	0	3	318.000000
-1	0	3	336.000000
0	1	-1	-1.000000
-1	0	0	54.000000
0	1	-1	-1.000000
0	1	-1	-1.000000
0	1	-1	-1.000000
0	1	-1	-1.000000
-1	0	0	48.000000
0	1	-1	-1.000000
0	1	-1	-1.000000
-1	0	0	44.000000
0	1	-1	-1.000000
-1	0	1	7.000000
0	1	-1	-1.000000
0	1	-1	-1.000000
-1	0	8	917.000000
-1	0	0	36.000000
-1	0	13	96.000000
-1	0	0	40.000000
-1	0	13	158.000000
1	1	-1	-1.000000
-1	0	7	2518.000000
1	1	-1	-1.000000
-1	0	13	138.000000
0	1	-1	-1.000000
-1	0	10	7.000000
0	1	-1	-1.000000
0	1	-1	-1.000000
-1	0	10	8.000000
-1	0	1	51.000000
-1	0	3	477.000000
0	1	-1	-1.000000
1	1	-1	-1.000000
0	1	-1	-1.000000
-1	0	13	100.000000
-1	0	1	48.000000
1	1	-1	-1.000000
1	1	-1	-1.000000
0	1	-1	-1.000000
-1	0	14	2.000000
-1	0	8	1514.000000
0	1	-1	-1.000000
0	1	-1	-1.000000
0	1	-1	-1.000000
-1	0	13	77.000000
-1	0	1	60.000000
0	1	-1	-1.000000
-1	0	1	33.000000
-1	0	7	1889.000000
-1	0	14	14.000000
0	1	-1	-1.000000
-1	0	13	97.000000
1	1	-1	-1.000000
1	1	-1	-1.000000
1	1	-1	-1.000000
0	1	-1	-1.000000
-1	0	3	367.000000
0	1	-1	-1.000000
0	1	-1	-1.000000
-1	0	1	7.000000
-1	0	0	36.000000
-1	0	3	312.000000
-1	0	0	42.000000
-1	0	1	9.000000
1	1	-1	-1.000000
1	1	-1	-1.000000
-1	0	3	324.000000
1	1	-1	-1.000000
-1	0	0	40.000000
1	1	-1	-1.000000
1	1	-1	-1.000000
-1	0	3	266.000000
-1	0	3	280.000000
-1	0	3	287.000000
-1	0	0	42.000000
1	1	-1	-1.000000
-1	0	0	38.000000
-1	0	0	41.000000
1	1	-1	-1.000000
1	1	-1	-1.000000
1	1	-1	-1.000000
1	1	-1	-1.000000
-1	0	0	39.000000
1	1	-1	-1.000000
1	1	-1	-1.000000
-1	0	0	37.000000
1	1	-1	-1.000000
1	1	-1	-1.000000
1	1	-1	-1.000000
-1	0	0	37.000000
-1	0	0	42.000000
1	1	-1	-1.000000
-1	0	0	40.000000
-1	0	0	41.000000
0	1	-1	-1.000000
0	1	-1	-1.000000
-1	0	0	38.000000
-1	0	0	39.000000
0	1	-1	-1.000000
0	1	-1	-1.000000
0	1	-1	-1.000000
-1	0	0	35.000000
-1	0	0	36.000000
1	1	-1	-1.000000
1	1	-1	-1.000000
1	1	-1	-1.000000
-1	0	0	9.000000
-1	0	9	5.000000
-1	0	7	264.000000
0	1	-1	-1.000000
-1	0	0	47.000000
-1	0	0	48.000000
-1	0	0	51.000000
-1	0	0	52.000000
0	1	-1	-1.000000
0	1	-1	-1.000000
-1	0	0	50.000000
0	1	-1	-1.000000
0	1	-1	-1.000000
0	1	-1	-1.000000
-1	0	0	36.000000
-1	0	0	41.000000
-1	0	0	43.000000
-1	0	0	45.000000
0	1	-1	-1.000000
-1	0	0	44.000000
0	1	-1	-1.000000
0	1	-1	-1.000000
-1	0	0	42.000000
0	1	-1	-1.000000
0	1	-1	-1.000000
0	1	-1	-1.000000
-1	0	0	35.000000
0	1	-1	-1.000000
0	1	-1	-1.000000
-1	0	0	481.000000
0	1	-1	-1.000000
-1	0	2	35.000000
-1	0	2	47.000000
-1	0	3	304.000000
-1	0	3	306.000000
0	1	-1	-1.000000
1	1	-1	-1.000000
-1	0	7	127.000000
0	1	-1	-1.000000
-1	0	3	126.000000
0	1	-1	-1.000000
0	1	-1	-1.000000
-1	0	4	184.000000
-1	0	0	46.000000
0	1	-1	-1.000000
0	1	-1	-1.000000
-1	0	4	111.000000
-1	0	3	114.000000
-1	0	10	45.000000
-1	0	3	138.000000
0	1	-1	-1.000000
0	1	-1	-1.000000
-1	0	3	160.000000
-1	0	3	163.000000
0	1	-1	-1.000000
0	1	-1	-1.000000
0	1	-1	-1.000000
0	1	-1	-1.000000
0	1	-1	-1.000000
-1	0	3	136.000000
0	1	-1	-1.000000
-1	0	1	2.000000
0	1	-1	-1.000000
-1	0	3	34.000000
0	1	-1	-1.000000
0	1	-1	-1.000000
1	1	-1	-1.000000
-1	0	7	134.000000
-1	0	9	6.000000
-1	0	8	1613.000000
-1	0	3	398.000000
-1	0	8	1975.000000
0	1	-1	-1.000000
-1	0	3	453.000000
1	1	-1	-1.000000
1	1	-1	-1.000000
-1	0	0	32.000000
-1	0	13	76.000000
1	1	-1	-1.000000
0	1	-1	-1.000000
-1	0	7	1639.000000
-1	0	7	1739.000000
0	1	-1	-1.000000
1	1	-1	-1.000000
0	1	-1	-1.000000
-1	0	0	201.000000
1	1	-1	-1.000000
-1	0	2	31.000000
-1	0	14	14.000000
1	1	-1	-1.000000
-1	0	7	263.000000
1	1	-1	-1.000000
-1	0	3	256.000000
1	1	-1	-1.000000
-1	0	3	192.000000
-1	0	3	231.000000
-1	0	0	33.000000
1	1	-1	-1.000000
-1	0	0	32.000000
1	1	-1	-1.000000
1	1	-1	-1.000000
1	1	-1	-1.000000
1	1	-1	-1.000000
-1	0	3	156.000000
-1	0	3	220.000000
-1	0	8	1439.000000
-1	0	1	49.000000
1	1	-1	-1.000000
0	1	-1	-1.000000
1	1	-1	-1.000000
-1	0	7	851.000000
0	1	-1	-1.000000
-1	0	3	216.000000
1	1	-1	-1.000000
-1	0	7	173.000000
1	1	-1	-1.000000
-1	0	0	28.000000
1	1	-1	-1.000000
1	1	-1	-1.000000
1	1	-1	-1.000000
-1	0	10	8.000000
-1	0	9	4.000000
-1	0	2	31.000000
-1	0	3	155.000000
-1	0	3	173.000000
0	1	-1	-1.000000
-1	0	0	32.000000
-1	0	0	33.000000
1	1	-1	-1.000000
1	1	-1	-1.000000
-1	0	1	18.000000
1	1	-1	-1.000000
1	1	-1	-1.000000
0	1	-1	-1.000000
-1	0	1	5.000000
-1	0	2	30.000000
1	1	-1	-1.000000
-1	0	7	139.000000
1	1	-1	-1.000000
1	1	-1	-1.000000
1	1	-1	-1.000000
-1	0	2	13.000000
0	1	-1	-1.000000
0	1	-1	-1.000000
-1	0	1	29.000000
0	1	-1	-1.000000
-1	0	3	73.000000
-1	0	1	24.000000
1	1	-1	-1.000000
1	1	-1	-1.000000
0	1	-1	-1.000000
-1	0	2	17.000000
-1	0	9	5.000000
1	1	-1	-1.000000
-1	0	9	4.000000
-1	0	7	115.000000
-1	0	7	118.000000
-1	0	0	31.000000
-1	0	0	32.000000
-1	0	0	33.000000
0	1	-1	-1.000000
0	1	-1	-1.000000
0	1	-1	-1.000000
0	1	-1	-1.000000
0	1	-1	-1.000000
-1	0	0	27.000000
1	1	-1	-1.000000
1	1	-1	-1.000000
-1	0	0	17.000000
-1	0	0	22.000000
-1	0	3	99.000000
0	1	-1	-1.000000
0	1	-1	-1.000000
0	1	-1	-1.000000
1	1	-1	-1.000000
-1	0	0	91.000000
1	1	-1	-1.000000
1	1	-1	-1.000000
-1	0	0	35.000000
-1	0	10	6.000000
-1	0	13	82.000000
-1	0	0	39.000000
-1	0	13	128.000000
1	1	-1	-1.000000
-1	0	14	14.000000
1	1	-1	-1.000000
-1	0	7	1939.000000
0	1	-1	-1.000000
0	1	-1	-1.000000
1	1	-1	-1.000000
-1	0	0	36.000000
0	1	-1	-1.000000
-1	0	3	384.000000
0	1	-1	-1.000000
0	1	-1	-1.000000
-1	0	0	42.000000
0	1	-1	-1.000000
-1	0	13	68.000000
-1	0	7	2459.000000
0	1	-1	-1.000000
-1	0	14	8.000000
0	1	-1	-1.000000
1	1	-1	-1.000000
-1	0	10	5.000000
-1	0	13	67.000000
1	1	-1	-1.000000
0	1	-1	-1.000000
-1	0	0	39.000000
0	1	-1	-1.000000
1	1	-1	-1.000000
-1	0	7	4.000000
-1	0	0	32.000000
-1	0	13	61.000000
-1	0	3	400.000000
0	1	-1	-1.000000
-1	0	7	1616.000000
1	1	-1	-1.000000
-1	0	7	1603.000000
0	1	-1	-1.000000
-1	0	13	73.000000
1	1	-1	-1.000000
1	1	-1	-1.000000
-1	0	3	269.000000
-1	0	14	18.000000
1	1	-1	-1.000000
-1	0	3	366.000000
0	1	-1	-1.000000
-1	0	12	11.000000
1	1	-1	-1.000000
-1	0	13	38.000000
-1	0	13	55.000000
0	1	-1	-1.000000
-1	0	14	4.000000
-1	0	1	49.000000
0	1	-1	-1.000000
0	1	-1	-1.000000
1	1	-1	-1.000000
1	1	-1	-1.000000
-1	0	1	31.000000
1	1	-1	-1.000000
0	1	-1	-1.000000
-1	0	0	26.000000
-1	0	13	29.000000
-1	0	7	1735.000000
-1	0	13	42.000000
-1	0	13	49.000000
-1	0	3	362.000000
-1	0	8	1735.000000
-1	0	3	390.000000
1	1	-1	-1.000000
1	1	-1	-1.000000
0	1	-1	-1.000000
0	1	-1	-1.000000
1	1	-1	-1.000000
0	1	-1	-1.000000
-1	0	13	31.000000
-1	0	14	23.000000
-1	0	0	31.000000
0	1	-1	-1.000000
-1	0	14	24.000000
1	1	-1	-1.000000
1	1	-1	-1.000000
-1	0	13	47.000000
-1	0	14	7.000000
-1	0	13	62.000000
-1	0	13	63.000000
1	1	-1	-1.000000
1	1	-1	-1.000000
1	1	-1	-1.000000
-1	0	1	49.000000
1	1	-1	-1.000000
-1	0	3	298.000000
0	1	-1	-1.000000
-1	0	13	68.000000
1	1	-1	-1.000000
-1	0	9	9.000000
-1	0	3	243.000000
-1	0	10	6.000000
1	1	-1	-1.000000
1	1	-1	-1.000000
1	1	-1	-1.000000
1	1	-1	-1.000000
-1	0	3	341.000000
0	1	-1	-1.000000
-1	0	14	9.000000
-1	0	3	252.000000
1	1	-1	-1.000000
-1	0	3	246.000000
0	1	-1	-1.000000
1	1	-1	-1.000000
-1	0	3	278.000000
-1	0	1	48.000000
1	1	-1	-1.000000
0	1	-1	-1.000000
-1	0	7	792.000000
1	1	-1	-1.000000
-1	0	1	30.000000
0	1	-1	-1.000000
1	1	-1	-1.000000
1	1	-1	-1.000000
-1	0	3	228.000000
0	1	-1	-1.000000
1	1	-1	-1.000000
-1	0	0	23.000000
-1	0	1	11.000000
-1	0	1	17.000000
-1	0	7	724.000000
1	1	-1	-1.000000
-1	0	7	723.000000
0	1	-1	-1.000000
-1	0	3	196.000000
1	1	-1	-1.000000
1	1	-1	-1.000000
1	1	-1	-1.000000
0	1	-1	-1.000000
-1	0	11	6.000000
-1	0	13	20.000000
1	1	-1	-1.000000
1	1	-1	-1.000000
-1	0	2	6.000000
1	1	-1	-1.000000
-1	0	8	31.000000
-1	0	8	32.000000
1	1	-1	-1.000000
1	1	-1	-1.000000
1	1	-1	-1.000000
-1	0	0	2.000000
-1	0	2	92.000000
0	1	-1	-1.000000
-1	0	3	3.000000
-1	0	2	41.000000
0	1	-1	-1.000000
-1	0	1	2.000000
0	1	-1	-1.000000
-1	0	0	4.000000
1	1	-1	-1.000000
1	1	-1	-1.000000
-1	0	8	1.000000
1	1	-1	-1.000000
1	1	-1	-1.000000
1	1	-1	-1.000000
